{
    "camera_model": "OPENCV",
    "fl_x": 1403.8768002332508,
    "fl_y": 1408.6953061316951,
    "cx": 979.7407343543288,
    "cy": 543.5206016619927,
    "w": 1920,
    "h": 1080,
    "frames": [
        {
            "file_path": "images/rgb_000000.png",
            "depth_file_path": "depth/depth_000000.png",
            "transform_matrix": [
                [
                    -0.01147469056846699,
                    0.9999324409421694,
                    0.0018586702716523826,
                    -0.5983136741898356
                ],
                [
                    0.9850904760690136,
                    0.01098524061581297,
                    0.17168600579124318,
                    -0.17549606357120895
                ],
                [
                    0.1716539880913528,
                    0.0038010071111352507,
                    -0.9851499651523432,
                    0.21471261144917714
                ],
                [
                    0.0,
                    0.0,
                    0.0,
                    1.0
                ]
            ]
        },
        {
            "file_path": "images/rgb_000001.png",
            "depth_file_path": "depth/depth_000001.png",
            "transform_matrix": [
                [
                    -0.007987263912563639,
                    0.9883804529574327,
                    0.1517902879762001,
                    -0.7418923587082621
                ],
                [
                    0.9997729052047033,
                    0.004894018992143465,
                    0.02074108982658769,
                    -0.03332068073336007
                ],
                [
                    0.019757221895452252,
                    0.15192148767744987,
                    -0.9881950762601616,
                    0.2187963229721937
                ],
                [
                    0.0,
                    0.0,
                    0.0,
                    1.0
                ]
            ]
        },
        {
            "file_path": "images/rgb_000002.png",
            "depth_file_path": "depth/depth_000002.png",
            "transform_matrix": [
                [
                    -0.011064386121611428,
                    0.9883535202803513,
                    -0.1517725572830631,
                    -0.45408318892765775
                ],
                [
                    0.9997686414746143,
                    0.013734247310838919,
                    0.01655415843232691,
                    -0.029421188801240287
                ],
                [
                    0.01844584176006113,
                    -0.1515542774185643,
                    -0.9882768052442749,
                    0.22094878927989792
                ],
                [
                    0.0,
                    0.0,
                    0.0,
                    1.0
                ]
            ]
        },
        {
            "file_path": "images/rgb_000003.png",
            "depth_file_path": "depth/depth_000003.png",
            "transform_matrix": [
                [
                    -0.011800938951229962,
                    0.9706432579298994,
                    -0.2402340834006501,
                    -0.45567315880258574
                ],
                [
                    0.9615996500602366,
                    0.0768980702933708,
                    0.26346310036936427,
                    -0.17810857290391754
                ],
                [
                    0.2742022192178654,
                    -0.2278998952709694,
                    -0.9342776744521797,
                    0.15345226652219507
                ],
                [
                    0.0,
                    0.0,
                    0.0,
                    1.0
                ]
            ]
        },
        {
            "file_path": "images/rgb_000004.png",
            "depth_file_path": "depth/depth_000004.png",
            "transform_matrix": [
                [
                    -0.011891104394565132,
                    0.9690695113909773,
                    0.24650129775658605,
                    -0.7410860707038719
                ],
                [
                    0.9632978208764468,
                    -0.05501201110096188,
                    0.2627374985066039,
                    -0.17830348970509508
                ],
                [
                    0.2681714304553915,
                    0.24057840780903447,
                    -0.9328483854368013,
                    0.14984435378568764
                ],
                [
                    0.0,
                    0.0,
                    0.0,
                    1.0
                ]
            ]
        },
        {
            "file_path": "images/rgb_000005.png",
            "depth_file_path": "depth/depth_000005.png",
            "transform_matrix": [
                [
                    -0.007311817888787812,
                    0.9681758265330128,
                    0.2501641707405309,
                    -0.8019290970844506
                ],
                [
                    0.9997622742080924,
                    0.0019388864220216198,
                    0.021717320529069096,
                    -0.03207558155714785
                ],
                [
                    0.02054114340414267,
                    0.2502634996780738,
                    -0.9679598332249344,
                    0.1566393506414855
                ],
                [
                    0.0,
                    0.0,
                    0.0,
                    1.0
                ]
            ]
        },
        {
            "file_path": "images/rgb_000006.png",
            "depth_file_path": "depth/depth_000006.png",
            "transform_matrix": [
                [
                    -0.006513145583756308,
                    0.9999778690059057,
                    -0.0013601656676776978,
                    -0.5986104388329853
                ],
                [
                    0.9740545693900879,
                    0.00603657863300263,
                    -0.22623275755676733,
                    0.17265981606344216
                ],
                [
                    -0.22621954153464566,
                    -0.002798357008178185,
                    -0.9740723189131398,
                    0.16734806715106496
                ],
                [
                    0.0,
                    0.0,
                    0.0,
                    1.0
                ]
            ]
        },
        {
            "file_path": "images/rgb_000007.png",
            "depth_file_path": "depth/depth_000007.png",
            "transform_matrix": [
                [
                    -0.006653846154864935,
                    0.9694317536120115,
                    -0.24527089628968432,
                    -0.4549571718569259
                ],
                [
                    0.973914997598336,
                    -0.04935125779149796,
                    -0.22148145725774598,
                    0.1171262615956739
                ],
                [
                    -0.22681558581673614,
                    -0.240346703935575,
                    -0.9438157365594455,
                    0.16647772143711476
                ],
                [
                    0.0,
                    0.0,
                    0.0,
                    1.0
                ]
            ]
        }
    ]
}