{
    "camera_model": "OPENCV",
    "fl_x": 1403.8768002332508,
    "fl_y": 1408.6953061316951,
    "cx": 979.7407343543288,
    "cy": 543.5206016619927,
    "w": 1920,
    "h": 1080,
    "frames": [
        {
            "file_path": "images/rgb_000000.png",
            "depth_file_path": "depth/depth_000000.png",
            "transform_matrix": [
                [
                    -0.00710595146906065,
                    0.9999693293561035,
                    0.0032947479122502066,
                    -0.5989513515371652
                ],
                [
                    0.9824049099094524,
                    0.006366133500334944,
                    0.186654952894903,
                    -0.16280080081632373
                ],
                [
                    0.18662825248461393,
                    0.0045631425409068775,
                    -0.9824200050483147,
                    0.06799905854715385
                ],
                [
                    0.0,
                    0.0,
                    0.0,
                    1.0
                ]
            ]
        },
        {
            "file_path": "images/rgb_000001.png",
            "depth_file_path": "depth/depth_000001.png",
            "transform_matrix": [
                [
                    -0.0035314466029105554,
                    0.9841624156123894,
                    0.17723395788178972,
                    -0.7403713302605945
                ],
                [
                    0.9999881739342936,
                    0.002882714639939622,
                    0.003917670299396663,
                    -0.018509634094664867
                ],
                [
                    0.003344707628807158,
                    0.1772457030458377,
                    -0.9841609467622535,
                    0.07231883713218067
                ],
                [
                    0.0,
                    0.0,
                    0.0,
                    1.0
                ]
            ]
        },
        {
            "file_path": "images/rgb_000002.png",
            "depth_file_path": "depth/depth_000002.png",
            "transform_matrix": [
                [
                    -0.005625162767226654,
                    0.9832116792503757,
                    -0.1823819132730652,
                    -0.45284891246260367
                ],
                [
                    0.9999189044089719,
                    0.007614371384053118,
                    0.010208434746366672,
                    -0.02143514828945645
                ],
                [
                    0.011425775073432341,
                    -0.1823096945619244,
                    -0.9831747650721485,
                    0.07209049650938051
                ],
                [
                    0.0,
                    0.0,
                    0.0,
                    1.0
                ]
            ]
        },
        {
            "file_path": "images/rgb_000003.png",
            "depth_file_path": "depth/depth_000003.png",
            "transform_matrix": [
                [
                    -0.005987291449462804,
                    0.9553246469929696,
                    -0.2954978550596924,
                    -0.45419360772669876
                ],
                [
                    0.9484591635891171,
                    0.09905492600280824,
                    0.30102050053237245,
                    -0.16537402014857172
                ],
                [
                    0.3168428214919172,
                    -0.2784653480834754,
                    -0.9066794742437939,
                    0.005118671575534833
                ],
                [
                    0.0,
                    0.0,
                    0.0,
                    1.0
                ]
            ]
        },
        {
            "file_path": "images/rgb_000004.png",
            "depth_file_path": "depth/depth_000004.png",
            "transform_matrix": [
                [
                    -0.006880114775363492,
                    0.9558063988300765,
                    0.29391630978639605,
                    -0.7388590313887182
                ],
                [
                    0.9535355159490159,
                    -0.08226159510505048,
                    0.2898328069772534,
                    -0.16259414372572753
                ],
                [
                    0.30120207508119246,
                    0.2822537289392434,
                    -0.9108293692927709,
                    0.007248141768266256
                ],
                [
                    0.0,
                    0.0,
                    0.0,
                    1.0
                ]
            ]
        },
        {
            "file_path": "images/rgb_000005.png",
            "depth_file_path": "depth/depth_000005.png",
            "transform_matrix": [
                [
                    -0.0017369134355430466,
                    0.9557039007639172,
                    0.29432472267058674,
                    -0.7976179479099307
                ],
                [
                    0.9999887315439985,
                    0.00035938340326378306,
                    0.004734324305222229,
                    -0.018023558783818377
                ],
                [
                    0.004418835313842155,
                    0.2943296357668388,
                    -0.9556937464034259,
                    0.011445707118292112
                ],
                [
                    0.0,
                    0.0,
                    0.0,
                    1.0
                ]
            ]
        },
        {
            "file_path": "images/rgb_000006.png",
            "depth_file_path": "depth/depth_000006.png",
            "transform_matrix": [
                [
                    -0.004405179786820706,
                    0.999970581713326,
                    -0.006280107255684415,
                    -0.5963732371486684
                ],
                [
                    0.9569134309512732,
                    0.002391932253627214,
                    -0.290363511482494,
                    0.18248955615508236
                ],
                [
                    -0.2903399494486696,
                    -0.007288616992180504,
                    -0.9568958065435326,
                    0.017932352039642725
                ],
                [
                    0.0,
                    0.0,
                    0.0,
                    1.0
                ]
            ]
        },
        {
            "file_path": "images/rgb_000007.png",
            "depth_file_path": "depth/depth_000007.png",
            "transform_matrix": [
                [
                    -0.007289046965226993,
                    0.9533446010182826,
                    -0.30179621048093147,
                    -0.4532841546425293
                ],
                [
                    0.9586147383864285,
                    -0.07923799947477786,
                    -0.27345772507710536,
                    0.12381685622737926
                ],
                [
                    -0.2846131749008889,
                    -0.29129953784012447,
                    -0.9133126042274512,
                    0.016325322975254623
                ],
                [
                    0.0,
                    0.0,
                    0.0,
                    1.0
                ]
            ]
        }
    ]
}