{
  "camera_model": "OPENCV",
  "fl_x": 602.707,
  "fl_y": 602.152,
  "cx": 326.044,
  "cy": 245.09,
  "w": 640,
  "h": 480,
  "frames": [
    {
      "file_path": "images/image_000000.png",
      "depth_file_path": "depth/depth_000000.png",
      "transform_matrix": [
        [
          -0.19586096704006195,
          -0.9718692898750305,
          0.13077706098556519,
          0.41904783248901367
        ],
        [
          -0.956508457660675,
          0.21873241662979126,
          0.19296322762966156,
          -0.11912829428911209
        ],
        [
          -0.21614044904708862,
          -0.08729621022939682,
          -0.9724465608596802,
          0.5864701271057129
        ],
        [
          0.0,
          0.0,
          0.0,
          1.0
        ]
      ],
      "timestamp": 1757654113.604263
    },
    {
      "file_path": "images/image_000001.png",
      "depth_file_path": "depth/depth_000001.png",
      "transform_matrix": [
        [
          -0.3292922377586365,
          -0.9436591267585754,
          0.03267553821206093,
          0.5282715559005737
        ],
        [
          -0.8890172839164734,
          0.3215148150920868,
          0.3259819746017456,
          -0.18759551644325256
        ],
        [
          -0.31812185049057007,
          0.07829489558935165,
          -0.9448056817054749,
          0.5661730766296387
        ],
        [
          0.0,
          0.0,
          0.0,
          1.0
        ]
      ],
      "timestamp": 1757654117.538996
    },
    {
      "file_path": "images/image_000002.png",
      "depth_file_path": "depth/depth_000002.png",
      "transform_matrix": [
        [
          -0.2969321012496948,
          -0.9431959390640259,
          -0.14901793003082275,
          0.633017361164093
        ],
        [
          -0.9138829112052917,
          0.23545695841312408,
          0.33070459961891174,
          -0.1541842371225357
        ],
        [
          -0.2768321931362152,
          0.23438383638858795,
          -0.9318894147872925,
          0.5118424892425537
        ],
        [
          0.0,
          0.0,
          0.0,
          1.0
        ]
      ],
      "timestamp": 1757654121.444761
    },
    {
      "file_path": "images/image_000003.png",
      "depth_file_path": "depth/depth_000003.png",
      "transform_matrix": [
        [
          -0.18593621253967285,
          -0.980337917804718,
          -0.06602609902620316,
          0.5885355472564697
        ],
        [
          -0.9746987223625183,
          0.17555248737335205,
          0.1383136659860611,
          -0.08793656527996063
        ],
        [
          -0.12400316447019577,
          0.09007387608289719,
          -0.9881799817085266,
          0.6352537870407104
        ],
        [
          0.0,
          0.0,
          0.0,
          1.0
        ]
      ],
      "timestamp": 1757654125.3848746
    },
    {
      "file_path": "images/image_000004.png",
      "depth_file_path": "depth/depth_000004.png",
      "transform_matrix": [
        [
          0.23836831748485565,
          -0.9703252911567688,
          -0.04053768143057823,
          0.5932466983795166
        ],
        [
          -0.9385735988616943,
          -0.2194451540708542,
          -0.26629048585891724,
          0.1418013870716095
        ],
        [
          0.24949291348457336,
          0.1015237420797348,
          -0.9630346894264221,
          0.6141064167022705
        ],
        [
          0.0,
          0.0,
          0.0,
          1.0
        ]
      ],
      "timestamp": 1757654129.3218699
    },
    {
      "file_path": "images/image_000005.png",
      "depth_file_path": "depth/depth_000005.png",
      "transform_matrix": [
        [
          0.4055030345916748,
          -0.9077995419502258,
          0.10705255717039108,
          0.48608464002609253
        ],
        [
          -0.8061363697052002,
          -0.41036611795425415,
          -0.4263008236885071,
          0.24988918006420135
        ],
        [
          0.430927038192749,
          0.08656813204288483,
          -0.8982188701629639,
          0.6086822152137756
        ],
        [
          0.0,
          0.0,
          0.0,
          1.0
        ]
      ],
      "timestamp": 1757654133.223459
    },
    {
      "file_path": "images/image_000006.png",
      "depth_file_path": "depth/depth_000006.png",
      "transform_matrix": [
        [
          0.19337619841098785,
          -0.9243165850639343,
          0.3289954364299774,
          0.2952268123626709
        ],
        [
          -0.9097579717636108,
          -0.2944766879081726,
          -0.29259446263313293,
          0.21611341834068298
        ],
        [
          0.367331862449646,
          -0.24272757768630981,
          -0.8978531360626221,
          0.6746692657470703
        ],
        [
          0.0,
          0.0,
          0.0,
          1.0
        ]
      ],
      "timestamp": 1757654137.0906813
    },
    {
      "file_path": "images/image_000007.png",
      "depth_file_path": "depth/depth_000007.png",
      "transform_matrix": [
        [
          0.018580680713057518,
          -0.9171350002288818,
          0.39813533425331116,
          0.275773286819458
        ],
        [
          -0.9662392735481262,
          -0.11880867183208466,
          -0.2285894751548767,
          0.15181845426559448
        ],
        [
          0.25694969296455383,
          -0.3804500102996826,
          -0.8883833289146423,
          0.6664952635765076
        ],
        [
          0.0,
          0.0,
          0.0,
          1.0
        ]
      ],
      "timestamp": 1757654141.0233264
    },
    {
      "file_path": "images/image_000008.png",
      "depth_file_path": "depth/depth_000008.png",
      "transform_matrix": [
        [
          0.018344391137361526,
          -0.9159806370735168,
          0.40079495310783386,
          0.27705588936805725
        ],
        [
          -0.9669027924537659,
          -0.11827362328767776,
          -0.2260468602180481,
          0.15155571699142456
        ],
        [
          0.25445836782455444,
          -0.3833865225315094,
          -0.8878378868103027,
          0.6658647060394287
        ],
        [
          0.0,
          0.0,
          0.0,
          1.0
        ]
      ],
      "timestamp": 1757656325.1952534
    },
    {
      "file_path": "images/image_000009.png",
      "depth_file_path": "depth/depth_000009.png",
      "transform_matrix": [
        [
          0.01834479533135891,
          -0.9159804582595825,
          0.4007953405380249,
          0.27705705165863037
        ],
        [
          -0.9668992161750793,
          -0.11827946454286575,
          -0.22605915367603302,
          0.15155397355556488
        ],
        [
          0.25447195768356323,
          -0.3833851218223572,
          -0.8878344893455505,
          0.665864109992981
        ],
        [
          0.0,
          0.0,
          0.0,
          1.0
        ]
      ],
      "timestamp": 1757656728.784438
    },
    {
      "file_path": "images/image_000010.png",
      "depth_file_path": "depth/depth_000010.png",
      "transform_matrix": [
        [
          0.018344642594456673,
          -0.915980339050293,
          0.4007956385612488,
          0.2770586311817169
        ],
        [
          -0.9668962359428406,
          -0.11828388273715973,
          -0.22606952488422394,
          0.15155407786369324
        ],
        [
          0.25448325276374817,
          -0.3833840787410736,
          -0.8878317475318909,
          0.6658640503883362
        ],
        [
          0.0,
          0.0,
          0.0,
          1.0
        ]
      ],
      "timestamp": 1757658376.2634535
    }
  ]
}