{
  "camera_model": "OPENCV_FISHEYE",
  "fl_x": 602.707,
  "fl_y": 602.152,
  "cx": 326.044,
  "cy": 245.09,
  "w": 640,
  "h": 480,
  "frames": [
    {
      "file_path": "images/image_000000.png",
      "depth_file_path": "depth/depth_000000.png",
      "transform_matrix": [
        [
          -0.19668757915496826,
          -0.9715827703475952,
          0.13166213035583496,
          0.4193120300769806
        ],
        [
          -0.9561006426811218,
          0.21981140971183777,
          0.19375644624233246,
          -0.1191040426492691
        ],
        [
          -0.21719150245189667,
          -0.08777358382940292,
          -0.9721693992614746,
          0.5865694284439087
        ],
        [
          0.0,
          0.0,
          0.0,
          1.0
        ]
      ],
      "timestamp": 1758265639.1570027
    },
    {
      "file_path": "images/image_000001.png",
      "depth_file_path": "depth/depth_000001.png",
      "transform_matrix": [
        [
          -0.3304234743118286,
          -0.9432202577590942,
          0.03390247002243996,
          0.528509259223938
        ],
        [
          -0.8883698582649231,
          0.3229406177997589,
          0.3263375163078308,
          -0.18785247206687927
        ],
        [
          -0.31875699758529663,
          0.07771231979131699,
          -0.9446396827697754,
          0.5661846399307251
        ],
        [
          0.0,
          0.0,
          0.0,
          1.0
        ]
      ],
      "timestamp": 1758265643.0932894
    },
    {
      "file_path": "images/image_000002.png",
      "depth_file_path": "depth/depth_000002.png",
      "transform_matrix": [
        [
          -0.2977071702480316,
          -0.9430049657821655,
          -0.14867962896823883,
          0.6331490278244019
        ],
        [
          -0.913689136505127,
          0.23632672429084778,
          0.33061927556991577,
          -0.1543353646993637
        ],
        [
          -0.2766389846801758,
          0.23427680134773254,
          -0.9319737553596497,
          0.5117510557174683
        ],
        [
          0.0,
          0.0,
          0.0,
          1.0
        ]
      ],
      "timestamp": 1758265646.9969637
    },
    {
      "file_path": "images/image_000003.png",
      "depth_file_path": "depth/depth_000003.png",
      "transform_matrix": [
        [
          -0.18556740880012512,
          -0.9804941415786743,
          -0.06473030894994736,
          0.5885412096977234
        ],
        [
          -0.9747492074966431,
          0.1753573715686798,
          0.13820520043373108,
          -0.0880604237318039
        ],
        [
          -0.12415856122970581,
          0.08874299377202988,
          -0.9882808923721313,
          0.6355897188186646
        ],
        [
          0.0,
          0.0,
          0.0,
          1.0
        ]
      ],
      "timestamp": 1758265650.9352314
    },
    {
      "file_path": "images/image_000004.png",
      "depth_file_path": "depth/depth_000004.png",
      "transform_matrix": [
        [
          0.23858360946178436,
          -0.9702626466751099,
          -0.04077048599720001,
          0.5933793783187866
        ],
        [
          -0.9386076927185059,
          -0.21962331235408783,
          -0.26602333784103394,
          0.14181163907051086
        ],
        [
          0.24915872514247894,
          0.10173724591732025,
          -0.9630987048149109,
          0.6138903498649597
        ],
        [
          0.0,
          0.0,
          0.0,
          1.0
        ]
      ],
      "timestamp": 1758265654.8717115
    },
    {
      "file_path": "images/image_000005.png",
      "depth_file_path": "depth/depth_000005.png",
      "transform_matrix": [
        [
          0.40536412596702576,
          -0.9078007340431213,
          0.10756762325763702,
          0.48609957098960876
        ],
        [
          -0.8062554001808167,
          -0.41049572825431824,
          -0.42595067620277405,
          0.24984928965568542
        ],
        [
          0.43083494901657104,
          0.085938960313797,
          -0.8983234763145447,
          0.6088998317718506
        ],
        [
          0.0,
          0.0,
          0.0,
          1.0
        ]
      ],
      "timestamp": 1758265658.7426465
    },
    {
      "file_path": "images/image_000006.png",
      "depth_file_path": "depth/depth_000006.png",
      "transform_matrix": [
        [
          0.19306057691574097,
          -0.9242966771125793,
          0.329236775636673,
          0.2953156530857086
        ],
        [
          -0.9097985029220581,
          -0.29428210854530334,
          -0.29266422986984253,
          0.21597519516944885
        ],
        [
          0.3673975169658661,
          -0.24303936958312988,
          -0.8977419137954712,
          0.674795925617218
        ],
        [
          0.0,
          0.0,
          0.0,
          1.0
        ]
      ],
      "timestamp": 1758265662.6782217
    },
    {
      "file_path": "images/image_000007.png",
      "depth_file_path": "depth/depth_000007.png",
      "transform_matrix": [
        [
          0.01891539990901947,
          -0.9168815016746521,
          0.39870309829711914,
          0.27563047409057617
        ],
        [
          -0.9662734270095825,
          -0.11918770521879196,
          -0.22824726998806,
          0.15182361006736755
        ],
        [
          0.25679653882980347,
          -0.3809422552585602,
          -0.8882166147232056,
          0.6667411923408508
        ],
        [
          0.0,
          0.0,
          0.0,
          1.0
        ]
      ],
      "timestamp": 1758265666.613138
    },
    {
      "file_path": "images/image_000008.png",
      "depth_file_path": "depth/depth_000008.png",
      "transform_matrix": [
        [
          0.01878238655626774,
          -0.9167892932891846,
          0.398921400308609,
          0.2758418917655945
        ],
        [
          -0.966296911239624,
          -0.119092658162117,
          -0.22819742560386658,
          0.15094304084777832
        ],
        [
          0.25671789050102234,
          -0.3811938762664795,
          -0.8881314396858215,
          0.6665201187133789
        ],
        [
          0.0,
          0.0,
          0.0,
          1.0
        ]
      ]
    },
    {
      "file_path": "images/image_000009.png",
      "depth_file_path": "depth/depth_000009.png",
      "transform_matrix": [
        [
          0.018783705309033394,
          -0.9167875051498413,
          0.39892545342445374,
          0.2758387327194214
        ],
        [
          -0.9663004875183105,
          -0.11908956617116928,
          -0.22818411886692047,
          0.150943785905838
        ],
        [
          0.25670450925827026,
          -0.3811991214752197,
          -0.8881330490112305,
          0.6665250062942505
        ],
        [
          0.0,
          0.0,
          0.0,
          1.0
        ]
      ]
    }
  ]
}