{
  "fl_x": 360.0,
  "fl_y": 360.0,
  "cx": 320.0,
  "cy": 240.0,
  "w": 640,
  "h": 480,
  "frames": [
    {
      "camera_name": "left_cam",
      "file_path": "images/rgb_000000.png",
      "depth_file_path": "depth/depth_000000.png",
      "transform_matrix": [
        [
          0.01213605236262083,
          -0.9775902628898621,
          0.21016672253608704,
          0.45181024074554443
        ],
        [
          -0.9750757813453674,
          0.03499709814786911,
          0.21909458935260773,
          -0.11807724088430405
        ],
        [
          -0.2215399593114853,
          -0.20758742094039917,
          -0.9527997970581055,
          0.5014535784721375
        ],
        [
          0.0,
          0.0,
          0.0,
          1.0
        ]
      ]
    },
    {
      "camera_name": "left_cam",
      "file_path": "images/rgb_000001.png",
      "depth_file_path": "depth/depth_000001.png",
      "transform_matrix": [
        [
          -0.05027605593204498,
          -0.9937852621078491,
          0.09931320697069168,
          0.5065494179725647
        ],
        [
          -0.9280967116355896,
          0.0832209587097168,
          0.36291974782943726,
          -0.20496582984924316
        ],
        [
          -0.36892926692962646,
          -0.07392609119415283,
          -0.9265128970146179,
          0.4535616934299469
        ],
        [
          0.0,
          0.0,
          0.0,
          1.0
        ]
      ]
    },
    {
      "camera_name": "left_cam",
      "file_path": "images/rgb_000002.png",
      "depth_file_path": "depth/depth_000002.png",
      "transform_matrix": [
        [
          0.058691706508398056,
          -0.9905986189842224,
          -0.1235702708363533,
          0.6200268268585205
        ],
        [
          -0.894016683101654,
          -0.10723400115966797,
          0.43501150608062744,
          -0.21456189453601837
        ],
        [
          -0.444172739982605,
          0.08494231849908829,
          -0.8919054865837097,
          0.38228151202201843
        ],
        [
          0.0,
          0.0,
          0.0,
          1.0
        ]
      ]
    },
    {
      "camera_name": "left_cam",
      "file_path": "images/rgb_000003.png",
      "depth_file_path": "depth/depth_000003.png",
      "transform_matrix": [
        [
          -0.039614688605070114,
          -0.9266600608825684,
          -0.3738071620464325,
          0.6994981169700623
        ],
        [
          -0.9937114119529724,
          -0.002674421062693,
          0.11193966120481491,
          -0.0872654840350151
        ],
        [
          -0.10472972691059113,
          0.37589091062545776,
          -0.9207267165184021,
          0.35642823576927185
        ],
        [
          0.0,
          0.0,
          0.0,
          1.0
        ]
      ]
    },
    {
      "camera_name": "left_cam",
      "file_path": "images/rgb_000004.png",
      "depth_file_path": "depth/depth_000004.png",
      "transform_matrix": [
        [
          0.2674323618412018,
          -0.9088313579559326,
          -0.3201647400856018,
          0.6839962601661682
        ],
        [
          -0.9274841547012329,
          -0.1527032107114792,
          -0.34125491976737976,
          0.13536690175533295
        ],
        [
          0.2612529993057251,
          0.38821032643318176,
          -0.8837644457817078,
          0.36157914996147156
        ],
        [
          0.0,
          0.0,
          0.0,
          1.0
        ]
      ]
    },
    {
      "camera_name": "left_cam",
      "file_path": "images/rgb_000005.png",
      "depth_file_path": "depth/depth_000005.png",
      "transform_matrix": [
        [
          0.2838515043258667,
          -0.9439367651939392,
          -0.1685575544834137,
          0.6261375546455383
        ],
        [
          -0.8223216533660889,
          -0.1492273211479187,
          -0.549106776714325,
          0.2789877951145172
        ],
        [
          0.4931687116622925,
          0.2944733202457428,
          -0.8185780644416809,
          0.3745691776275635
        ],
        [
          0.0,
          0.0,
          0.0,
          1.0
        ]
      ]
    },
    {
      "camera_name": "left_cam",
      "file_path": "images/rgb_000006.png",
      "depth_file_path": "depth/depth_000006.png",
      "transform_matrix": [
        [
          0.29315465688705444,
          -0.9492596387863159,
          0.11387027055025101,
          0.5158720016479492
        ],
        [
          -0.7874438762664795,
          -0.30727893114089966,
          -0.5343330502510071,
          0.23742572963237762
        ],
        [
          0.5422106981277466,
          0.06697576493024826,
          -0.8375689387321472,
          0.3544233739376068
        ],
        [
          0.0,
          0.0,
          0.0,
          1.0
        ]
      ]
    },
    {
      "camera_name": "left_cam",
      "file_path": "images/rgb_000007.png",
      "depth_file_path": "depth/depth_000007.png",
      "transform_matrix": [
        [
          0.23795200884342194,
          -0.8957222104072571,
          0.3755803406238556,
          0.3680579960346222
        ],
        [
          -0.8824084997177124,
          -0.3609515428543091,
          -0.30177679657936096,
          0.1486750990152359
        ],
        [
          0.40587446093559265,
          -0.25960689783096313,
          -0.8762820363044739,
          0.4066303074359894
        ],
        [
          0.0,
          0.0,
          0.0,
          1.0
        ]
      ]
    }
  ]
}